home_joint_configuration:
  panda_right_joint1: -0.0140383
  panda_right_joint2: -0.3523653
  panda_right_joint3: -0.4208789
  panda_right_joint4: -2.5604102
  panda_right_joint5: 0.3912430
  panda_right_joint6: 2.3928931
  panda_right_joint7: -0.7659729
  panda_left_joint1: 0.0063710
  panda_left_joint2: -0.3389045
  panda_left_joint3: 0.4691349
  panda_left_joint4: -2.5093593
  panda_left_joint5: -0.2406735
  panda_left_joint6: 2.3181225
  panda_left_joint7: -1.1294540
left_nullspace_config:
  panda_left_joint1: 0.014675152
  panda_left_joint2: -1.5305582
  panda_left_joint3: 0.5671264
  panda_left_joint4: -2.717720
  panda_left_joint5: 2.3075577
  panda_left_joint6: 1.6109013
  panda_left_joint7: -2.2096095
right_nullspace_config:
  panda_right_joint1: -0.021151105
  panda_right_joint2: -1.4059054
  panda_right_joint3: -0.6889705
  panda_right_joint4: -2.4476174
  panda_right_joint5: -2.129438
  panda_right_joint6: 2.059776
  panda_right_joint7: 0.5544311
